[coilA]
p_fine = 5.0
i_fine = 500.0
d_fine = 0.5
p_coarse = 50.0
i_coarse = 500.0
d_coarse = 10.0
pidswitchvalue = 0.3
p_velo = 200.0
i_velo = 400.0
d_velo = 10.0
bl0 = 21.5181748568
polarity = -1

[coilB]
p_fine = 0.5
i_fine = 1.0
d_fine = 0.5
p_coarse = 50.0
i_coarse = 10.0
d_coarse = 10.0
pidswitchvalue = 0.3
p_velo = 200.0
i_velo = 400.0
d_velo = 10.0
bl0 = 22.0836657922
polarity = -1

[global]
remember = False
activecoil = coilA
device = Dev2
movearea = 3
velo_amp = 0.3
velo_freq = 0.5
mymin = -0.1
mymax = 0.1
offset = 0.03
valrange = 0.1
balance0photooffset = 0.019
posfit = 0.0,-150.0,0.0
ssvfit = 0.0,-1.14172563963,0.0
armlength = 175.0
g = 9.81
resistance = 1500.0
accposerror = 0.007

[dataacq]
samprate = 220
length = 1
s = 10
buffer_factor = 10000

