[coilA]
p_fine = 0.5
i_fine = 0.2
d_fine = 0.5
p_coarse = 1.0
i_coarse = 10.0
d_coarse = 4.0
pidswitchvalue = 0.1
p_velo = 2.0
i_velo = 10.0
d_velo = 1.0
bl0 = -33.3430522334524
polarity = -1

[coilB]
p_fine = 1.0
i_fine = 0.2
d_fine = 2.0
p_coarse = 1.0
i_coarse = 80.0
d_coarse = 8.0
pidswitchvalue = 0.1
p_velo = 2.0
i_velo = 1.0
d_velo = 1.0
bl0 = 22.0836657922
polarity = +1

[global]
remember = False
activecoil = coilB
device = Dev2
movearea = 3
velo_amp = 1.0
velo_freq = 0.5
mymin = -0.04
mymax = 0.04
offset = 0.03
valrange = 0.1
balance0photooffset = 0.25
posfit = 18.223234624145782,7.972665148063788,0.0
ssvfit = -0.03313230677077894,0.13639029524929486,0.0
armlength = 175.0
g = 9.81
resistance = 1500.0
accposerror = 0.02

[dataacq]
samprate = 110
length = 1
s = 10
buffer_factor = 10000

