[coilA]
p_fine = 50.0
i_fine = 50.0
d_fine = 5.0
p_coarse = 100.0
i_coarse = 200.0
d_coarse = 10.0
pidswitchvalue = 0.1
p_velo = 200.0
i_velo = 400.0
d_velo = 10.0
bl0 = 26.1892764608

[coilB]
p_fine = 50.0
i_fine = 50.0
d_fine = 5.0
p_coarse = 100.0
i_coarse = 200.0
d_coarse = 10.0
pidswitchvalue = 0.1
p_velo = 200.0
i_velo = 400.0
d_velo = 10.0
bl0 = 26.1892764608

[global]
activecoil = coilA
device = Dev1
movearea = 3
velo_amp = 0.1
velo_freq = 0.5
mymin = -0.04
mymax = 0.04
offset = 0.03
balance0photooffset = 0.21075
posfit = -8.97529997447,-8.73595864182,0.0
ssvfit = -0.0126111144448,-0.114172563963,0.0
armlength = 175.0
g = 9.81

[dataacq]
samprate = 220
length = 1
s = 10
