[coilA]
p_fine = 1.0
i_fine = 0.2
d_fine = 1.0
p_coarse = 1.0
i_coarse = 4.0
d_coarse = 4.0
pidswitchvalue = 0.1
p_velo = 200.0
i_velo = 400.0
d_velo = 10.0
bl0 = 21.5181748568
polarity = +1

[coilB]
p_fine = 1.0
i_fine = 0.2
d_fine = 2.0
p_coarse = 1.0
i_coarse = 4.0
d_coarse = 8.0
pidswitchvalue = 0.1
p_velo = 200.0
i_velo = 400.0
d_velo = 10.0
bl0 = 22.0836657922
polarity = -1

[global]
remember = False
activecoil = coilA
device = Dev1
movearea = 3
velo_amp = 0.3
velo_freq = 0.1
mymin = -0.04
mymax = 0.04
offset = 0.03
valrange = 0.1
balance0photooffset = 0.25
posfit = -8.97529997447,-8.73595864182,0.0
ssvfit = -0.0126111144448,-0.114172563963,0.0
armlength = 175.0
g = 9.81
resistance = 1500
accposerror = 0.007

[dataacq]
samprate = 110
length = 1
s = 10
buffer_factor = 10000

